57 61
8 42 67 80
14 36 46 52 61 69
9 12 13 33 39
17 28 47 56 57 97
36 41 62 71 75 79 92
31 48 51 54
9 18 41 71 85 92 99
1 23 32 36 60 63 99
3 7 25 26 31 35 60 64
69 76
70 78 84 89 93
3 65 77 90
3 22 30 46 49 77 94
2 52 92 95
16 21
15 34 59 65
4 22 35 86 88 93 95 99
7 19 44 51 61 97
18 20 25 53 65 70 74 89
19 62 72 78 79 85 87 92
15 95
13 17 27 64 65 80 94 98
8 49 51 57
25 30 57
9 19 24 44 93
9 35 46 88 89 94
22 37 44 61
4 38 46 73 77 86
52 67 79
13 24 33
6 9 39 40 61 63 75
8 59 66 82 87
3 30 50 94
16 59
9 17 26 61 78 87
2 5 8 62 78 84 85 98
27
28 62
3 31 58 74 83
31 58
5 7 48 54 56 60 63 65 99
1 64 67
46 47 79 88
18 25 27 46 97
70 77 80 87 89 95 99
2 13 26 28 43 44 48 76 98
4 43 62 67 74 85 87
6 41 46 73
13 23 55 66
33 74 93
6 18 23 60 79
2 14 29 55 95 98
19 59 67 88 91
6 41 59 93
49 52 66 95
4 41
0 4 23 24 76 82 86
39 40 62 73
16 32 34 53 54
8 9 41 51 74 84 93
0 2 18 27 31 35 97
5 20 36 38 47 58
8 31 41 83 86 89
9 22 42 72 75 96
12 16 19 22 41 86 96
32 49 55 83
1 29 42 47 53 99
84
2 10 92 94
11 19 45 80
5 7 81
20 64 85
28 48 58 77 80 88
19 39 47 50 60 94
5 31 64
10 46 57
12 13 28 45 73 89 98
11 20 35 36 95
5 20 29 43 51 97
1 22 45 70 73 99
71
32 57 99
39 63 66 84 96
11 36 60 68 83
7 20 36 47 72
17 28 57 63 65
20 32 35 45 47 96
17 26 43 53 73
11 19 26 45 63 77
12
53 99
5 7 14 20 69
11 17 25 50 54 60
13 22 26 33 69 74
14 17 21 45 52 55 78
64 65 83 87
4 18 44 61 79
22 36 46 52 77
7 8 17 41 45 67 80 82 91