35 368 541
793 974
616
148 419
36 107 306 451 508 644 698
944

821
161 615 780 997
78 292 653
232 407 532 794

112
157 803
562 640 959
89
165 667 693 910
246 358 518 800
154 368 599 634 685
393
25 88 170 331 726 888
41 622 945
73 361 391 683 764 891
124 941
376
20 535
40 95 317
497 590 641
34 528 719
262 726 938

381
112 816 987
490 822
28 547 691
0 254 573 796
4 159 836 932
279 318 497 519 849
307
213 519
26 182 840
21 563 674 858 903 919
689 799 836
684 858
132 362 584
238 411 434
321 432 499
184 367 982
67 113 222 643 680
455 992
325 699
527 574 839
175 227 384 449 472 588 832
522 660 703
121 228 712 737 754 783 826 914
251 352 471
644 685
136 974
261 901 916
297 722
269 494
214 303 739

438
112 338 346 452 636 865
162 218 249 306 318 532 543 622
149
48 111 152 224 360 523 952
561 709

370 452 719 754
80 388 389 890

22 266 401 640
79 901
177 315
221 706 990
165 540 726 957
9 808 896
74 151 221 421 688 694 842
71 259 296 881
216 906 931
338 397 407 714
365
185 275 591

263 624 824
281 926
20 398 565 761
15 625
157 252 706 790
127 418 505 789

347 609 817

26
124 373 702
178 645
674
392 398 527 597 743 761
145 177 444 515
392
258 550 867
573 634 702 746
368 471 572 953
555 684 798
681 923
4 646 883
110 447 664 908 910
622 993
108 839
67 775 812
12 32 64 158 402 897
48 615 952
368 542 608 627 756 856

475
124 271 699
396 712
538 641 855
167 461 566
54 868
150 290 320 445 673
564 801 805 830
23 96 117 575 964
184 945
677
91 263 696
378 778 785 910
482 502
355 435
412 568 732
44 206 617
163 229 403 827 853 910 945
216 663 665 822
225 593 617 677 820 880 885 990 999
57 975
522 754 961
251 433 871
206
524 606 922
251 426 622 632
390 871
788 965
351 357
100 186 202 231 601
483 962
662 748
3 491 892
66 382 563 564 717 887
122 552 813
79 473 770 789 893
67 361 565
265 429 713 792
18 316 872 961
422 680
823
13 90 431
112 504
36 611 717 748 961
293 315 335 538 991
8 500 995
65 333 614 818
133 225 434 837 916
258 323
16 77 294 653 725 738 797
276 348
120 465 938
639 977
193 221 596 974
20 931
229 315
224 407 531
300 764 994
638
52 589 961
299 483 510 681 717
75 100 278 900 917
97
186 220
309
412 590
40 392 803
657
47 125 419 869
84
145 179 359 639
269 564
427 552 795
272
463 600
804
256 331 536 844
169 267 543 700 726
991
562
509 771
466 531
908 918
476 631 656
694 945 983
249
145
399 877
590 814 953
428 498 614
132 139 420 522 647 900
499 659
504 834 916 970
253 290 519 853
519
848
437 774 796 867 886 907 989
39 301 393 446 485 736 987
61 220 413
861 873 882 900
81 134 531

65 351

179 214 409 473 829
76 79 169
48 483 602
279 475 880
67 172 238 410
135 163 427 452 957 995
272 278 456 629
52 830
54 562 611
133 171 839
356 571 861 962
145 858 924
10 253 474 524 569 608 900
270 338 369 523 564 693 754
863
275 588 782 821
288 518

45 224 836 957
503 580 693 719
560 586 774 870 917
499 633 910
279 697 923
804 891 957 997
880 937
505 792 940
17 383 463 575 798
402 786 927
531 932 957
65 201 265 732

55 138 141 927
90 420 453 525 530 786
209 232 515 820
35 290 922
654
192 636
416 476 583
102 164 571 765
80 529 557

58 340 620 972 993
29 577
86 127 337 495 581 820
377 579 766 785
153 249 295 484 680 851
73 614
193
315 362 797
60 187 282 320 424 964 992
233 530 977 990
117 776
189 226 305 516 864 877
343 384
465 546
84 235 289 564 708 874
166 676
975
177 226
37 223 242 494 959
324 615 833
87 745
269 517 581 693
460
766
888
618
367 589 861 984 997
236 862
275 868
122 209 254 365 721 871 927
814
9 619
160
165 407 421 585 814
265 542 660
80 825
59 385 550 695 983
501 664 690 894
176 903
173 435
213 357 405 449 583 736 964
502 574
61 598 922
352 929
272 417
4 65 373 599 818
38 476 852 969
664
180 691 848 917
396
321
389
763 879 944
320 558 673
75 160 171 268 965
154 439 987
26 622 818
37 65 593 816
352 961
122 269 314 475 916
46 311 928
545 631 794
164
280 375 556 864
50 944
449 510 736 792

397 511 623
622 667 790 927 947 968
632
20 192
449 469
162 719
527 553 709
160 343 652 864
418 751 998
263 794 993
64 82 233 472 530 695 756
345 373 549 851
261 482 624 629

396
273 335 396 447
463 528 953
339 932
64 490 565 630 901
93 834 891
166 550 677 792
355 686 771
378 469 680 840
144 218 936
55 304 319 618 864
763
711 842
130 349 472 852 872
230 416 650 715 846
144 301 500 884 961
17 917
186 419
67 518
22 152 778
44 268 493 767
560 989
681
83 290 401 907
658
47 287 914
0 18 104 114 605
233 554 803 889
70 975
981

96 306 339 523
685 890
324
24 445 525
264 575 710 713
128 350 587 698 773
751 788
753 762
31 472 802
149 781 923
246
52 273 410 624 946 982
297 470 498 583 621
540
808 936 950
71 736 924 995
71 312
142
22 512 746 780 783
99 101 182 448 484 506
19 213 480
403 579 926

118 310 342 343 709 783 837 963
82 328
88 99 543
203 890 906
957
73 365 475 705 770 987
112 247 505 645 758
133 394 421
498 547 706 794
301
503
10 82 172 294
579 696
220 478 558 642
224 384 833
45 440 977
131 181
214 660 798
749

257 356 816
305 709 846 913
91 336
3 184 359
206 252 753
79 294 403 794
155 654 737

269
561 888
141 666 792
188 225
205
153 477 639 949
654 704 979
157 649 868 900
46 571 762 849 944 990
138 462 787 888 919
45 163 487 523 634
130 300 505 517 906

212 628 946
63 577 765
316 829 862
411
534 751
832 887
711
100 511 992
122 376 476
213 741 836
108 343 929 985
392
52 301 326 332 554
464 508 983
4 533 623 796 798
64 70 225 597 781 948 986
252 807
471 761 811
49 706
226 750 899 959

584 830 878 954
553 605 995
283
120 708
433 506 847
190 246 344 736
450 599
167 274 886
197 659
504 723
568 715
332 350 889 938
385 881
55 104 454 810
52 338 355 381 797 821 999
151 220 498 622 769
232 482
116 223 320 401 865 893
199 257 307 445 509 990
429
409 879
541 643 748 867
393 923 932
600 733
129 340 474 645 947 972
146 176 222 676 933
265 392 903 929
213 962 968
595 791 813
434 708
509 647 864 923
493
33 346 719
148 991
595 606 937
362 489 703
60 279 657 887
263 827

27 37 612 911
205 385 404 473 790 954
46 207 241 916
161 357 641 745
298 582
129 302 603 779
239 406 625
158 208 467 752 759
91 245 402 435 668 815
392 462
685 717 992
4 450
196 476 488 659
176 326
328 444
391 954
583
678 949
100 253
272 552 671
282 435 632 732 805
17 236 360
37 39 209 210 661 663 719

989
53 137 206
67 233 373 434 592 945
140 232 692 911
252 376 912 975
599
51 99 334 968
28 344 814
259 535
252 270 338 595 671 716
172 197 216 248 650 698
10 65 584 805 806
451 989
441 657
25 529
192 893
577 650 731 905
119 160 715
594 695 840 886 904
77 386 678
0 479 726
114 295
65 193 398

322 755 805
274 550
34 404 612 665 824 892
718
339 676 741 768 906 952
102 297 348 546 560

150 188 516
334 459
369 449 735 754 875 882 898
105 921
324 602
259 950
314 409 900 979

240 363 550 667 751 920
68 425
14 195 228 604 876 887
41 149 584 866
123 149 187 233 275 681 948
88 152 346 635
120 594 610 645
592 803
131 468 610 782 866 898 970
232 606 845
906
230 258 432 628 767 996
104 587 859
35 103 738 946
51 302 673 857
124 246 377 768 833

262 438 537
684 802
264 394 408
239
263 282 655 845 857
501 597 612 817 831 922
257 301 385 513 600
44 458 532 563
294 792
240 848 913
378 572
52 235 886 913
175 287 799 853 962
27 181 204 703 869
84 771 899 917
523 567
135 318 606 985
539 566 674
486 492 530 851
169
99 452 582 623 747 754
303 812 943 997
18 306 464 526 820 828 979
190 481 583 688
145
222 556 832
502
562 924
368 459 887
140 492 569 593
787
114 232 793
93 689 857
566 568
159 228 798
497 547 582 791 954 969
617 961 987
162 205 266 774 960 975
8 113 280 637 645 810
2 946
132 135 613 935
286 352 733 763 767 807 812 843
292 672 874
261 711 767
385 735
21 65 109 141 317 329 473
328 451 597
86 340 384 722 869 902
89 503
632 897 964
114 646 843 847
437 571
226 340 718 807 884
346
199 322 791 825
141 330 517 626
241 745
18 103 434 736
565 719 732 849 935
64 256 688 756
615 934
174 673 690 748 786 945
168 186 429 829
14 73 905
27 119 500
409 715
48 479
4 56 851
97 402 482 566 615 833
107 627 674 675 940 987
206 488 954

431 654
356 531 537 750 885
869
335 729 749 915 920
9 165
255 422 430 649 707
581 998
199 865
183 494 534
366
207 466 509
53 295 413 834
519
147 967
134 519
108 298 308 703
134 547 802
426 726 749 868 907
16 329 560 937
505
680
996
516 530 896
619 889 910 963
122 314 574 638
41 98 594 646 971
646 876
276 483 549
126 135 348 746 990
514 540 815
779
48 155 265 350 669 871 955
106 176 364 564 833 929

22
43 105 578 739 857 998
18 56 374 507
349 850

79 600 636 715 750 968 970
42 609 935
298 638
34 309 740 913
524 803 939
16 233 239 282
79 200
297 338 539
127 408 823
242 805 947 976
4 378 531
50 117 906
193 908
948
96 103 948
53 493 590 664
430 976
401
76 90 404 455
654 750 810
275 461 487 933
68 334 396 417 773
377
354 443 620 961
54 118 818
153 377 927
82 739
356 468 538 642 688
530
149 159 176 507 770
548 629
28 70 239 333 490 519 635 962
763 784 939
290 970
59 624 794 825 858 951 974
467

165
20 29 77 193 541 666


652 843

537 884
131 249 517 635 857
481 618
759
554 621 961
213 301 326 388 463 634 976
54 422 764 888
165 573
61 684 714 778
691 745
446 549

99
762 820 971
281 500 633 740
103 391 677
597
147 159 479 638 943
414 652 666
456 650 688 707 786
336 379 441 560
504 961
380 420 777
54 70 137 233 554 597 781 903
545
114 338 636 793 855 860
853
402 887
504 734
824
88 99 454
380 432 744
313 353 618 720 852
22 173 737 766
258 438
264 284 764 872
362 571 618 620 860
549 575
473 842
151 401 717
196 349 591 806 882

378 709 970
212 240 614
111
271 887
753
128 361 739 982 992
502 679
8 391 891 918
382 452 754 878 892
235 568
54 391 396 784
720 783 916
128 264 840
247 252 638 750 946
433 607
143 379
91 151
90 329 498 819
486 612 631 833 956
153 245 326 348 426 585 794
1 608 756
10 322 337 404 421 722 792 968
188 865 871
35 212 451 814
165 268 472
105 246 413 451 611
42 589
17 870
123 823
381 578 665
13 182 369 567 692
191 243 930
123 517 532 545 697
532 771 855 910 998
453 618 629
78 387
909 982
471 615 707 827
454
111 598 618
150 486 832
204 291 294 528 796
505 678 826
32 318 416
93 582
162 306 317 712
790 883
135 253 263 599 744 970
7 235 472
33 134
156 696 801
86 547 760
296 631 722
54 815 889
133 495 810 926
599
220 439 639 833 882
123 227 458
582
52 442 602 813 873
280 410 575 645 681 791 829
208 347 660 845 928
837 839
36 42 238 446
163 396 835

51 110 229 835 957
40 350 539 785
858
79 354 769
618 627 729 948
192 856
569 581 834 898
356 417
462 627 913
211 309 586
37 432 635
686 906 960
265 339 595 644
307 355 763
133 209 589 757
998
119 756 806 986
114 844
574 581 609 684 732 940
41 43 231 722 841 862 994
572 987
756 767
215 230 287 897 922
288 439 858 989
234
272 324 335 352 488
64 475 656 795
563 568 964
102 212 479
121 289 431 666
184 590 624 651 907
240 800
138 142 290 680 795 905
154 355 766
215 832
275 619
554 948
562 675 948
203 272
458 781
313 478
135 223 244 946
80 470 925
215 554 771 829
107 819
357 629 731
135 650 902
212 465 539 588
149 442 494 562 605 758 776
20 285 425 433 737
369 469 672 826 892
71 374 399
22 243 347 780
148 547 781 889 950
151 475 536 930 931
298 907

78 671
112 626 861
554 568 845 916
456 591 909
177 206 215 232 431 558
58 74 346 928
624 885
41 299 484 754
539
537 640 871
81 399 435 549 570 699 850
212 365 666 869 894
108 198 700
809 899
16 108 128 133 241 672 806
497 524
525
417 586 588 691 847 943
54 367
652
58 163 208 320 499 784 898
177 240 309 358 591
198 780 985
41 433 934 997
560 652
555 992
140 254 303 582 861 947
106 242 382 480 488
231 388 604
881
87 394 827
247 251 290 329 713 991
321 834 901
304 447 484 681
804 893
81 170 893
36 248 345 480
483 708
637 919
617 635 689
351 387
244 492 667
29 167 469 952 985
692 720
245 646 857
23

598 748 913
5 313 325 432
21 125 133 200 523 638
384 437 573 616 786 880
329 482 697 922
452 564 701 702 843 875 876
429 514
387 557 892
722
67 113 549 938
104 204 344
458 498 512 612 647
680
791
77 225 238 243 248 400 839

14 279 456
614 850
137 154 159 175 319 357 613 711 735 752
146 230 485 589 719
396 672
124 269 301 626 866
143 315

662
329 485 527 688 794 978
307 612
208 568 688 721 773 820
674 744
261 482 999

1 57 169 722 977
136 277 370 525 614
697 704 736
168 270 411 974
968
430 558 599

371
47 384 778 809
200 297 450
287
447 593 918 938
452 855
32 213 316 401 613 646 859
999
212 363 521 533 862
76 135 270 432 476 677
160 194 491 927
49 269 444 507 778 921
109 261 337
173 858
161 225 388 459
571 670
8 243 287 598 919
336 655 684 806 854
135 472 972 988